1.000000001310574760e+00 -3.795200856935670947e-09 1.421694546269729230e-09 -1.421694546280636847e-09 -3.795200856934799925e-09 3.146695599250044291e-09 1.454182096660628735e-09 2.174447965154755159e-10 1.773502028368759996e-09 -1.969059181711901862e-09 3.966236353567623179e-09 3.862980568061156978e-10 2.418976544648653039e-09 4.052747824265880742e-09 8.769410031812373552e-01 -3.285048595562022888e-01 3.285048211326290768e-01 8.769409356831695534e-01 -7.270937542558633115e-01 -3.360116979877988963e-01 -5.024401771645117115e-02 -4.097955623063702646e-01 4.549820889575507121e-01 -9.164613844773682461e-01 -8.926025366489268031e-02 -5.589426104652214233e-01 -9.364511891485058914e-01 1.230589947863599404e-01 -1.230589312929227380e-01 -3.285048211361120685e-01 2.723716193537905617e-01 1.258709776582445650e-01 1.882156541499365246e-02 1.535106964017552977e-01 -1.704377134232263336e-01 3.433092970171634506e-01 3.343717345707806349e-02 2.093816510655537588e-01 3.507975417336507973e-01 1.230589940555461559e-01 3.285048598012378918e-01 -2.723715101569155195e-01 -1.258711307202627916e-01 -1.882158082290609491e-02 -1.535107344676741870e-01 1.704377493826885748e-01 -3.433093655925493759e-01 -3.343716801453745086e-02 -2.093816907139630645e-01 -3.507976143583791950e-01 8.769410039152079062e-01 -7.270936311553625186e-01 -3.360117965661811867e-01 -5.024402822454193673e-02 -4.097955913533370409e-01 4.549821168501515523e-01 -9.164614527791287157e-01 -8.926024555017396389e-02 -5.589426454795296539e-01 -9.364512538650409113e-01 6.029346352552299448e-01 2.785883786952888519e-01 4.165855789504809004e-02 3.397717169808530113e-01 -3.772369987285594806e-01 7.598609988322319042e-01 7.400791416015418955e-02 4.634332619578699908e-01 7.764350393602075240e-01 1.289253480396902463e-01 1.925168931685558582e-02 1.570187739365079271e-01 -1.743325775545223333e-01 3.511546602436448339e-01 3.420125399939543537e-02 2.141664764674673926e-01 3.588140485698607662e-01 2.878722251310599292e-03 2.347909880268241392e-02 -2.606804347952039122e-02 5.250834337843230532e-02 5.114135604085129697e-03 3.202442724743727320e-02 5.365365260967593780e-02 1.914979953732122153e-01 -2.126137058769621002e-01 4.282635671492498464e-01 4.171142010379958603e-02 2.611945907707428072e-01 4.376048330747445703e-01 2.360577741472391078e-01 -4.754864759199877167e-01 -4.631077188723339150e-02 -2.899954713423346098e-01 -4.858577640697586686e-01 9.577629768250239817e-01 9.328286993190310072e-02 5.841321213970496196e-01 9.786536496153710463e-01 9.085443345949606106e-03 5.689249088705293500e-02 9.531754989483387508e-02 3.562576032227703360e-01 5.968731842800008014e-01 9.999999962266077347e-01
-3.795200856935670947e-09 8.769410054420196943e-01 -3.285048591240834481e-01 3.285048207000960674e-01 8.769409345293553981e-01 -7.270937532930079605e-01 -3.360116975437638098e-01 -5.024401765007711212e-02 -4.097955617672208173e-01 4.549820883590842691e-01 -9.164613832717996011e-01 -8.926025354762411046e-02 -5.589426097297961471e-01 -9.364511879162670249e-01 -3.328167180235158294e-09 1.246742216768352112e-09 -1.246742216784327451e-09 -3.328167180268670689e-09 2.759466342309987905e-09 1.275231880410348844e-09 1.906862542430493020e-10 1.555256616848696743e-09 -1.726748699671992341e-09 3.478155217407697973e-09 3.387605987414761946e-10 2.121299675522386069e-09 3.554020671795868236e-09 -4.670336766934650742e-10 4.670336767752520402e-10 1.246742216818606643e-09 -1.033705036509337283e-09 -4.777060033428130080e-10 -7.143168910018433367e-11 -5.826041713371927777e-10 6.468456616694658498e-10 -1.302928221799887626e-09 -1.269008186820273364e-10 -7.946457364220553733e-10 -1.331347667041147983e-09 -4.670336766964366171e-10 -1.246742216769288067e-09 1.033705038048284686e-09 4.777059949714671728e-10 7.143168907959154307e-11 5.826041712583577091e-10 -6.468456615376826400e-10 1.302928221658677349e-09 1.269008186791009524e-10 7.946457363389505017e-10 1.331347666912045562e-09 -3.328167180267591218e-09 2.759466340298936887e-09 1.275231880674945930e-09 1.906862541920139642e-10 1.555256616833018775e-09 -1.726748699650142365e-09 3.478155217291735523e-09 3.387605987849838785e-10 2.121299675403813037e-09 3.554020671718750187e-09 -2.287942138305082813e-09 -1.057326681677855020e-09 -1.581027592809690317e-10 -1.289502023615549637e-09 1.431690477381912267e-09 -2.883824781149071194e-09 -2.808748750164766477e-10 -1.758822584543151011e-09 -2.946727096159701224e-09 -4.886220941867634192e-10 -7.306399366505040993e-11 -5.959174246202383325e-10 6.616269167031188985e-10 -1.332701804540055563e-09 -1.298006641217365866e-10 -8.128044117379379257e-10 -1.361770674714111854e-09 -1.092537541944243501e-11 -8.910803842619427184e-11 9.893343231894904878e-11 -1.992798128247179185e-10 -1.940953582468184578e-11 -1.215393759766765339e-10 -2.036264563641098048e-10 -7.267735714062662306e-10 8.069116341755122762e-10 -1.625346403928158169e-09 -1.583031388542447480e-10 -9.912859661044016256e-10 -1.660798231185956004e-09 -8.958865422083350293e-10 1.804566930564549608e-09 1.757587170205624418e-10 1.100591319197465966e-09 1.843927976227801592e-09 -3.634902568923402515e-09 -3.540272818165925377e-10 -2.216898917240505431e-09 -3.714187080089612810e-09 -3.448127693476245638e-11 -2.159184334515912512e-10 -3.617493069512134160e-10 -1.352069102110974837e-09 -2.265253663279821978e-09 -3.795200856906438384e-09
1.421694546269729230e-09 -3.285048591240834481e-01 1.230589980385880661e-01 -1.230589311311114931e-01 -3.285048207038192003e-01 2.723716189939625054e-01 1.258709775030004141e-01 1.882156539036257403e-02 1.535106961998311537e-01 -1.704377131992121375e-01 3.433092965655598072e-01 3.343717341285709632e-02 2.093816507900186918e-01 3.507975412721043851e-01 1.246742216704470194e-09 -4.670336767404595829e-10 4.670336767464020484e-10 1.246742216717040237e-09 -1.033705038902819748e-09 -4.777059971164271513e-10 -7.143168910570841382e-11 -5.826041713135443044e-10 6.468456615714539428e-10 -1.302928221738746985e-09 -1.269008186595624035e-10 -7.946457363863390586e-10 -1.331347666932562123e-09 1.749523295626005034e-10 -1.749523295932634942e-10 -4.670336767592410289e-10 3.872292582786274544e-10 1.789502177310674493e-10 2.675854234092645890e-11 2.182454115728641817e-10 -2.423104821434223859e-10 4.880811363983078013e-10 4.753745813096383995e-11 2.976768693605598818e-10 4.987271527306813121e-10 1.749523295637267615e-10 4.670336767408577670e-10 -3.872292588553939224e-10 -1.789502146016754553e-10 -2.675854233364525326e-11 -2.182454115434743512e-10 2.423104820936540821e-10 -4.880811363456302516e-10 -4.753745813037181127e-11 -2.976768693295788143e-10 -4.987271526825838615e-10 1.246742216716634092e-09 -1.033705038153889594e-09 -4.777059972109134077e-10 -7.143168908653675829e-11 -5.826041713077572454e-10 6.468456615634261550e-10 -1.302928221695513563e-09 -1.269008186757549034e-10 -7.946457363420124142e-10 -1.331347666903855027e-09 8.570705436677973614e-10 3.960780040776270250e-10 5.922580622834405563e-11 4.830516390147671623e-10 -5.363158947907944211e-10 1.080290113416901413e-09 1.052166389316024818e-10 6.588606428966145497e-10 1.103853524456433103e-09 1.830394173937520998e-10 2.737000892283811440e-11 2.232325994188002214e-10 -2.478475882054237969e-10 4.992344170287760123e-10 4.862374963430371199e-11 3.044791680104227369e-10 5.101237100579758237e-10 4.092680811659692691e-12 3.338016004845415356e-11 -3.706078460060444907e-11 7.465086404773655753e-11 7.270875124081172609e-12 4.552904439285625594e-11 7.627913077654074059e-11 2.722517362517209193e-10 -3.022717144911219202e-10 6.088600327689402964e-10 5.930086921129607122e-11 3.713389369410120776e-10 6.221404022442275534e-10 3.356020033915156565e-10 -6.759966231438053631e-10 -6.583978523603574308e-11 -4.122850766584191268e-10 -6.907413985023427308e-10 1.361646287836061979e-09 1.326197676698058865e-10 8.304575222596693118e-10 1.391346522790700556e-09 1.291679802069663944e-11 8.088374531667080083e-11 1.355124632916100519e-10 5.064894694191688617e-10 8.485713669455033420e-10 1.421694546258759161e-09
-1.421694546280636847e-09 3.285048207000960674e-01 -1.230589311311114931e-01 1.230589973078121402e-01 3.285048593691356489e-01 -2.723715097981606048e-01 -1.258711305614224618e-01 -1.882158079827373626e-02 -1.535107342659246810e-01 1.704377491585040150e-01 -3.433093651408818947e-01 -3.343716797058111229e-02 -2.093816904387078848e-01 -3.507976138968640356e-01 -1.246742216714107262e-09 4.670336767439829587e-10 -4.670336767501037851e-10 -1.246742216726586315e-09 1.033705038913487896e-09 4.777059971146111797e-10 7.143168910631210057e-11 5.826041713181910949e-10 -6.468456615764797888e-10 1.302928221748967215e-09 1.269008186605827049e-10 7.946457363925787922e-10 1.331347666943051807e-09 -1.749523295638932574e-10 1.749523295947133867e-10 4.670336767629847450e-10 -3.872292582824035339e-10 -1.789502177376154369e-10 -2.675854234160554187e-11 -2.182454115748184993e-10 2.423104821449427956e-10 -4.880811364024515626e-10 -4.753745813182231771e-11 -2.976768693631209364e-10 -4.987271527349676587e-10 -1.749523295650541020e-10 -4.670336767443449536e-10 3.872292588590351198e-10 1.789502145977699737e-10 2.675854233348489654e-11 2.182454115450064189e-10 -2.423104820958057856e-10 4.880811363491443216e-10 4.753745813039300778e-11 2.976768693316946389e-10 4.987271526861156125e-10 -1.246742216726175620e-09 1.033705038160326093e-09 4.777059972189853463e-10 7.143168908711516433e-11 5.826041713121592939e-10 -6.468456615683043493e-10 1.302928221705319789e-09 1.269008186767573946e-10 7.946457363480438016e-10 1.331347666913761548e-09 -8.570705412731094881e-10 -3.960780040515274604e-10 -5.922580620486079871e-11 -4.830516390160939600e-10 5.363158948856749325e-10 -1.080290113269715583e-09 -1.052166387341939933e-10 -6.588606427954106561e-10 -1.103853524464491497e-09 -1.830394213160027855e-10 -2.737000892112708807e-11 -2.232325994202637624e-10 2.478475882086532651e-10 -4.992344170320038779e-10 -4.862374963313948113e-11 -3.044791680125632735e-10 -5.101237100774181870e-10 -4.092681153536781701e-12 -3.338016019360930025e-11 3.706078459004967615e-11 -7.465086400361093088e-11 -7.270875125959534990e-12 -4.552904426792809860e-11 -7.627913077723833819e-11 -2.722517363712116566e-10 3.022717143961945697e-10 -6.088600328268182272e-10 -5.930086908363969128e-11 -3.713389369598432062e-10 -6.221404022488457028e-10 -3.356020034899130296e-10 6.759966231137146004e-10 6.583978520135583400e-11 4.122850766441560515e-10 6.907413985073717822e-10 -1.361646287922145425e-09 -1.326197677170528663e-10 -8.304575223785463328e-10 -1.391346522801260343e-09 -1.291679824102201493e-11 -8.088374520425464206e-11 -1.355124632928308412e-10 -5.064894694338438729e-10 -8.485713669519229873e-10 -1.421694546269615906e-09
-3.795200856934799925e-09 8.769409345293553981e-01 -3.285048207038192003e-01 3.285048593691356489e-01 8.769410061760868347e-01 -7.270936301998169871e-01 -3.360117961201978809e-01 -5.024402815826380098e-02 -4.097955908146020398e-01 4.549821162518407625e-01 -9.164614515741591472e-01 -8.926024543271714184e-02 -5.589426447444196810e-01 -9.364512526338231169e-01 -3.328167180234572650e-09 1.246742216768078315e-09 -1.246742216784006091e-09 -3.328167180267757068e-09 2.759466342303499086e-09 1.275231880403842241e-09 1.906862542432955174e-10 1.555256616848359667e-09 -1.726748699671289237e-09 3.478155217406774013e-09 3.387605987417352055e-10 2.121299675521841784e-09 3.554020671794947997e-09 -4.670336766932383233e-10 4.670336767752465602e-10 1.246742216818315269e-09 -1.033705036510623549e-09 -4.777060033376959653e-10 -7.143168910020462544e-11 -5.826041713372039447e-10 6.468456616693965735e-10 -1.302928221799775543e-09 -1.269008186820311105e-10 -7.946457364220067764e-10 -1.331347667041044172e-09 -4.670336766961153608e-10 -1.246742216768967534e-09 1.033705038044692447e-09 4.777059949782600834e-10 7.143168907964461188e-11 5.826041712580743997e-10 -6.468456615373880603e-10 1.302928221658135959e-09 1.269008186791460079e-10 7.946457363386216974e-10 1.331347666911275043e-09 -3.328167180267057273e-09 2.759466340305116753e-09 1.275231880682659596e-09 1.906862541915690186e-10 1.555256616832772482e-09 -1.726748699650202956e-09 3.478155217291211918e-09 3.387605987845217948e-10 2.121299675403435015e-09 3.554020671718124425e-09 -2.287942136111997467e-09 -1.057326682520775225e-09 -1.581027593083905602e-10 -1.289502023636752344e-09 1.431690477325911106e-09 -2.883824781059477608e-09 -2.808748748744394485e-10 -1.758822584555834998e-09 -2.946727096159156939e-09 -4.886220945480739462e-10 -7.306399366513713464e-11 -5.959174246198435606e-10 6.616269167025947762e-10 -1.332701804539442002e-09 -1.298006641218722442e-10 -8.128044117375693134e-10 -1.361770674731875351e-09 -1.092537580472578709e-11 -8.910803848923365462e-11 9.893343240782778322e-11 -1.992798128876212301e-10 -1.940953593796397541e-11 -1.215393760760463613e-10 -2.036264563640959236e-10 -7.267735717545527989e-10 8.069116341481125388e-10 -1.625346403945606716e-09 -1.583031388471013455e-10 -9.912859661309470922e-10 -1.660798231185569091e-09 -8.958865422416555187e-10 1.804566930467011779e-09 1.757587169996703669e-10 1.100591319191224888e-09 1.843927976227096834e-09 -3.634902569088521000e-09 -3.540272819511787008e-10 -2.216898917317470865e-09 -3.714187080088937831e-09 -3.448127718267226644e-11 -2.159184334404622598e-10 -3.617493069512551887e-10 -1.352069102134210134e-09 -2.265253663279342213e-09 -3.795200856905589696e-09
3.146695599250044291e-09 -7.270937532930079605e-01 2.723716189939625054e-01 -2.723715097981606048e-01 -7.270936301998169871e-01 6.029346365071962532e-01 2.785883764948768881e-01 4.165855778000925741e-02 3.397717165589262955e-01 -3.772369984219126060e-01 7.598609979756699717e-01 7.400791404374973403e-02 4.634332612505955296e-01 7.764350383365667962e-01 2.759466340360635875e-09 -1.033705038226195313e-09 1.033705038239943261e-09 2.759466340380698314e-09 -2.287942304265410771e-09 -1.057326527570200541e-09 -1.581027249123116866e-10 -1.289502014888444690e-09 1.431690373993744257e-09 -2.883825159367394504e-09 -2.808748536510540710e-10 -1.758822419487185200e-09 -2.946727098020479167e-09 3.872292588830181359e-10 -3.872292589511670651e-10 -1.033705038268641672e-09 8.570706037869738822e-10 3.960779514066844374e-10 5.922579336421286460e-11 4.830516357744313522e-10 -5.363158561803324575e-10 1.080290255036215619e-09 1.052166308842010731e-10 6.588605810360799440e-10 1.103853525242927183e-09 3.872292588865265708e-10 1.033705038225772623e-09 -8.570706028377538339e-10 -3.960779443478547731e-10 -5.922579334765203665e-11 -4.830516357136908595e-10 5.363158560734585511e-10 -1.080290254924608275e-09 -1.052166308778318858e-10 -6.588605809701397939e-10 -1.103853525137837609e-09 2.759466340387133365e-09 -2.287942300827632842e-09 -1.057326528266978405e-09 -1.581027248645777818e-10 -1.289502014875958813e-09 1.431690373980754213e-09 -2.883825159279173623e-09 -2.808748536825447852e-10 -1.758822419390415822e-09 -2.946727097958426145e-09 1.896989835759861625e-09 8.766556979981062071e-10 1.310869212678629343e-10 1.069158245502626369e-09 -1.187050255880636073e-09 2.391050961665669265e-09 2.328803436037275142e-10 1.458283615381662301e-09 2.443204820420577466e-09 4.051286799398792609e-10 6.057913625604506475e-11 4.940899858273338811e-10 -5.485714045556900174e-10 1.104976274399301951e-09 1.076209234869007216e-10 6.739163912289807334e-10 1.129077977742038144e-09 9.058506810026520870e-12 7.388169541612254893e-11 -8.202817613644326803e-11 1.652278610710630158e-10 1.609293130292267640e-11 1.007713242386858802e-10 1.688317689194275745e-10 6.025860827822678947e-10 -6.690305411386367997e-10 1.347615204332338467e-09 1.312530775882509643e-10 8.218998957570845754e-10 1.377009197223873439e-09 7.428018603988050449e-10 -1.496211409266723434e-09 -1.457259336845019818e-10 -9.125276889323592233e-10 -1.528846632076684935e-09 3.013788293064207266e-09 2.935328434926442026e-10 1.838086132508783930e-09 3.079525058165233094e-09 2.858929273675678550e-11 1.790233543675991192e-10 2.999353644433928865e-10 1.121034186620475911e-09 1.878178257785419047e-09 3.146695599225453039e-09
1.454182096660628735e-09 -3.360116975437638098e-01 1.258709775030004141e-01 -1.258711305614224618e-01 -3.360117961201978809e-01 2.785883764948768881e-01 1.289253474287597456e-01 1.925168928955108341e-02 1.570187737296204478e-01 -1.743325773265617107e-01 3.511546597814870219e-01 3.420125395268313467e-02 2.141664761855772148e-01 3.588140480932513476e-01 1.275231881162580482e-09 -4.777059974208623938e-10 4.777059974216475949e-10 1.275231881167510892e-09 -1.057326528942024579e-09 -4.886221971315966387e-10 -7.306399514544328668e-11 -5.959174265558364164e-10 6.616269175599767869e-10 -1.332701808732122742e-09 -1.298006657095765931e-10 -8.128044143289473981e-10 -1.361770674812986821e-09 1.789502154946828683e-10 -1.789502155302991200e-10 -4.777059974342811244e-10 3.960779458021125294e-10 1.830394583081699170e-10 2.737000947497963524e-11 2.232326001524624305e-10 -2.478475885643070658e-10 4.992344186221599642e-10 4.862375023693337121e-11 3.044791689950219722e-10 5.101237101365879671e-10 1.789502154953132575e-10 4.777059974199324359e-10 -3.960779463062016680e-10 -1.830394591426764288e-10 -2.737000946705863770e-11 -2.232326001230394869e-10 2.478475885133072451e-10 -4.992344185678054092e-10 -4.862375023610508553e-11 -3.044791689628201411e-10 -5.101237101019912414e-10 1.275231881176886364e-09 -1.057326528626265338e-09 -4.886221982876738788e-10 -7.306399512664105776e-11 -5.959174265498014100e-10 6.616269175521544500e-10 -1.332701808689465865e-09 -1.298006657259471178e-10 -8.128044142846877552e-10 -1.361770674801967741e-09 8.766555163124594856e-10 4.051288266383987214e-10 6.057915232908425612e-11 4.940899885969494321e-10 -5.485714431886308209e-10 1.104976132550981552e-09 1.076209341442850708e-10 6.739164559035211241e-10 1.129077977142391344e-09 1.872222316236382981e-10 2.799542769033684769e-11 2.283337516646286640e-10 -2.535112458198237718e-10 5.106425660764800872e-10 4.973484371882946152e-11 3.114369089296869130e-10 5.217806799979934263e-10 4.186211397635961624e-12 3.414294377240964037e-11 -3.790767116382982939e-11 7.635673428462926562e-11 7.437024097074446446e-12 4.656944626927577921e-11 7.802220710171553720e-11 2.784730420774975247e-10 -3.091790132500798386e-10 6.227732681258592635e-10 6.065597165144991173e-11 3.798245128776290207e-10 6.363571112536623340e-10 3.432709413156803893e-10 -6.914440123499133302e-10 -6.734430697843862788e-11 -4.217063210445889376e-10 -7.065257285790422014e-10 1.392761662292300293e-09 1.356503030860003577e-10 8.494345488820760881e-10 1.423140581776652235e-09 1.321196773732048989e-11 8.273204422863094945e-11 1.386090975100050719e-10 5.180634043987925551e-10 8.679623149601475164e-10 1.454182096649255828e-09
2.174447965154755159e-10 -5.024401765007711212e-02 1.882156539036257403e-02 -1.882158079827373626e-02 -5.024402815826380098e-02 4.165855778000925741e-02 1.925168928955108341e-02 2.878725184048335547e-03 2.347909872633025669e-02 -2.606804338281632286e-02 5.250834309628386876e-02 5.114135506183748250e-03 3.202442704427520964e-02 5.365365253911612287e-02 1.906862541820156512e-10 -7.143168908651695765e-11 7.143168908748430661e-11 1.906862541842765943e-10 -1.581027249741643496e-10 -7.306399507948925546e-11 -1.092530680603201731e-11 -8.910792111660761057e-11 9.893350412513542540e-11 -1.992797699018746323e-10 -1.940917812739161223e-11 -1.215391737307550137e-10 -2.036264563920064451e-10 2.675854233307644380e-11 -2.675854233827249838e-11 -7.143168908945240193e-11 5.922579325467859016e-11 2.737000980887995584e-11 4.092655352553715964e-12 3.338011616818900004e-11 -3.706081142513539741e-11 7.465084793797623383e-11 7.270741058586055571e-12 4.552896855074292208e-11 7.627913079321546097e-11 2.675854233334288320e-11 7.143168908662919572e-11 -5.922579334311354220e-11 -2.737000932970636328e-11 -4.092655351444274508e-12 -3.338011616370737426e-11 3.706081141766819245e-11 -7.465084792990488976e-11 -7.270741058460690048e-12 -4.552896854597244224e-11 -7.627913078591649679e-11 1.906862541838115120e-10 -1.581027248536002162e-10 -7.306399509471091677e-11 -1.092530680310519865e-11 -8.910792111563560873e-11 9.893350412391373133e-11 -1.992797698954241745e-10 -1.940917812982524221e-11 -1.215391737240282259e-10 -2.036264563876243524e-10 1.310868826227012352e-10 6.057914627151137050e-11 9.058445918925554854e-12 7.388159823909998050e-11 -8.202823961130221302e-11 1.652278012416959951e-10 1.609263426551256705e-11 1.007711668801947658e-10 1.688317688354987534e-10 2.799542237495372800e-11 4.186177697472150715e-12 3.414289467645391453e-11 -3.790769862952061327e-11 7.635671565887014621e-11 7.436886744802806412e-12 4.656936393534441786e-11 7.802220710730880326e-11 6.259657810871784989e-13 5.105416279424470492e-12 -5.668359253463507273e-12 1.141767184051428332e-11 1.112062891428651769e-12 6.963559251153926484e-12 1.166671146912019272e-11 4.164025504558213305e-11 -4.623173914352078693e-11 9.312369264373089640e-11 9.069926889388308872e-12 5.679540650521591804e-11 9.515489352193618348e-11 5.132952729786986184e-11 -1.033920742903886942e-10 -1.007003856734308892e-11 -6.305802095233233558e-11 -1.056472525964114858e-10 2.082605582318381615e-10 2.028387785016749536e-11 1.270165011624740219e-10 2.128031385690323486e-10 1.975593449080239821e-12 1.237097644356896622e-11 2.072630867263997779e-11 7.746635873769717957e-11 1.297869705554563250e-10 2.174447965139087065e-10
1.773502028368759996e-09 -4.097955617672208173e-01 1.535106961998311537e-01 -1.535107342659246810e-01 -4.097955908146020398e-01 3.397717165589262955e-01 1.570187737296204478e-01 2.347909872633025669e-02 1.914979981595728298e-01 -2.126137055051071090e-01 4.282635661798830928e-01 4.171142003524622860e-02 2.611945904148834652e-01 4.376048324990426952e-01 1.555256616816830230e-09 -5.826041713313966198e-10 5.826041713390146430e-10 1.555256616832410591e-09 -1.289502015774812350e-09 -5.959174261923603305e-10 -8.910792114327172592e-11 -7.267733299477105121e-10 8.069117911782356199e-10 -1.625346211065999906e-09 -1.583032444520476881e-10 -9.912859474728800429e-10 -1.660798231212615622e-09 2.182454115486645993e-10 -2.182454115872112158e-10 -5.826041713550539853e-10 4.830516349678332681e-10 2.232326029179777248e-10 3.338011617423032657e-11 2.722516458424317581e-10 -3.022717732887421167e-10 6.088599605891657319e-10 5.930090865222331692e-11 3.713389300079499521e-10 6.221404023050391837e-10 2.182454115500488861e-10 5.826041713318092795e-10 -4.830516356902249863e-10 -2.232325990084060635e-10 -3.338011616464361993e-11 -2.722516458052869025e-10 3.022717732268835860e-10 -6.088599605228397020e-10 -5.930090865100697368e-11 -3.713389299688564658e-10 -6.221404022443059288e-10 1.555256616831941373e-09 -1.289502014837465342e-09 -5.959174263187502194e-10 -8.910792111922303934e-11 -7.267733299403337154e-10 8.069117911681928201e-10 -1.625346211011843564e-09 -1.583032444721680810e-10 -9.912859474174868593e-10 -1.660798231176586736e-09 1.069158161476833511e-09 4.940900593576675316e-10 7.388161388737201408e-11 6.025858816089280552e-10 -6.690307210699141955e-10 1.347614867183559661e-09 1.312531743949197761e-10 8.218999569309674556e-10 1.377009196375282083e-09 2.283337040685704752e-10 3.414289410540537779e-11 2.784729454758212843e-10 -3.091790719453052083e-10 6.227731924232341395e-10 6.065600999349881048e-11 3.798245013169872627e-10 6.363571112174682191e-10 5.105441824060273091e-12 4.164029603892940801e-11 -4.623171460466225422e-11 9.312370162297831651e-11 9.070100138124292730e-12 5.679549996053589847e-11 9.515489351041042977e-11 3.396221842506327075e-10 -3.770707994659562405e-10 7.595263734877919808e-10 7.397525143648884145e-11 4.632291514795345346e-10 7.760930561387824619e-10 4.186488833003259689e-10 -8.432763462238203966e-10 -8.213226454128525991e-11 -5.143076771816465124e-10 -8.616698112376550997e-10 1.698594441492194485e-09 1.654373842387357905e-10 1.035959590822022357e-09 1.735644190805608432e-09 1.611314347222001330e-11 1.008989494909724477e-10 1.690458960736590989e-10 6.318235545949781598e-10 1.058555823008726070e-09 1.773502028355104071e-09
-1.969059181711901862e-09 4.549820883590842691e-01 -1.704377131992121375e-01 1.704377491585040150e-01 4.549821162518407625e-01 -3.772369984219126060e-01 -1.743325773265617107e-01 -2.606804338281632286e-02 -2.126137055051071090e-01 2.360577767349147371e-01 -4.754864750592497358e-01 -4.631077173595889163e-02 -2.899954711597777512e-01 -4.858577634309943494e-01 -1.726748699620796478e-09 6.468456615853728076e-10 -6.468456615937275386e-10 -1.726748699637753267e-09 1.431690374964199790e-09 6.616269171515352663e-10 9.893350415383678319e-11 8.069117911708607877e-10 -8.958868080412238516e-10 1.804566800130789577e-09 1.757587259540883712e-10 1.100591183629986067e-09 1.843927976302597744e-09 -2.423104820874521403e-10 2.423104821296371625e-10 6.468456616115294993e-10 -5.363158552203554423e-10 -2.478475916047779970e-10 -3.706081142741826726e-11 -3.022717732524613030e-10 3.356021030962128817e-10 -6.759965743466079521e-10 -6.583978862033623829e-11 -4.122850258768721398e-10 -6.907413985867487575e-10 -2.423104820889118556e-10 -6.468456615857861911e-10 5.363158560200406747e-10 2.478475872645552742e-10 3.706081141679269932e-11 3.022717732112615046e-10 -3.356021030274280058e-10 6.759965742730183459e-10 6.583978861900754066e-11 4.122850258335183115e-10 6.907413985192902140e-10 -1.726748699637647595e-09 1.431690373928388303e-09 6.616269172909694833e-10 9.893350412722649921e-11 8.069117911627409760e-10 -8.958868080299624079e-10 1.804566800070466811e-09 1.757587259765565354e-10 1.100591183568428940e-09 1.843927976262384152e-09 -1.187050085039638305e-09 -5.485714849777217480e-10 -8.202825154287840837e-11 -6.690306772011196719e-10 7.428021297185738574e-10 -1.496211103820939864e-09 -1.457259503642289740e-10 -9.125276605237244107e-10 -1.528846631171836406e-09 -2.535111924652303149e-10 -3.790769792017423127e-11 -3.091790713388639461e-10 3.432710426289434843e-10 -6.914439640050366829e-10 -6.734431171616755649e-11 -4.217062680478836514e-10 -7.065257285558410260e-10 -5.668399123285158321e-12 -4.623180899749103409e-11 5.132950525364161332e-11 -1.033920890831245965e-10 -1.007022471164102036e-11 -6.305811815017722430e-11 -1.056472525862288925e-10 -3.770709982117156281e-10 4.186489259721025167e-10 -8.432763853511602280e-10 -8.213221394330274360e-11 -5.143076235427218176e-10 -8.616698112588168613e-10 -4.648116638820858169e-10 9.362611405813011161e-10 9.118866882422672866e-11 5.710183794344252645e-10 9.566827814563910820e-10 -1.885891827481638774e-09 -1.836795195381094417e-10 -1.150190815403473212e-09 -1.927026908016371881e-09 -1.788987720627891084e-11 -1.120246831214324017e-10 -1.876859278827601006e-10 -7.014922743940904345e-10 -1.175278646038789296e-09 -1.969059181696640379e-09
3.966236353567623179e-09 -9.164613832717996011e-01 3.433092965655598072e-01 -3.433093651408818947e-01 -9.164614515741591472e-01 7.598609979756699717e-01 3.511546597814870219e-01 5.250834309628386876e-02 4.282635661798830928e-01 -4.754864750592497358e-01 9.577629783896287607e-01 9.328286966623244858e-02 5.841321210276200215e-01 9.786536483278758247e-01 3.478155217233576454e-09 -1.302928221740204684e-09 1.302928221757056834e-09 3.478155217268243180e-09 -2.883825161262772998e-09 -1.332701807880450138e-09 -1.992797699556344703e-10 -1.625346211017927685e-09 1.804566800093930202e-09 -3.634902653814247623e-09 -3.540272708967415958e-10 -2.216898711564288606e-09 -3.714187080256342643e-09 4.880811363267430299e-10 -4.880811364126764456e-10 -1.302928221792914700e-09 1.080290253193047317e-09 4.992344247885677818e-10 7.465084794882397086e-11 6.088599605673260957e-10 -6.759965744034876828e-10 1.361646319706500491e-09 1.326197635717733235e-10 8.304574452880588621e-10 1.391346522966722522e-09 4.880811363298337902e-10 1.302928221741097005e-09 -1.080290254804517987e-09 -4.992344160468248407e-10 -7.465084792736077946e-11 -6.088599604845586104e-10 6.759965742654600865e-10 -1.361646319558593153e-09 -1.326197635688895393e-10 -8.304574452009204510e-10 -1.391346522831236335e-09 3.478155217267395734e-09 -2.883825159174351228e-09 -1.332701808164796990e-09 -1.992797699021866086e-10 -1.625346211001606170e-09 1.804566800071247876e-09 -3.634902653693394054e-09 -3.540272709420764701e-10 -2.216898711440525843e-09 -3.714187080176020924e-09 2.391051103764554253e-09 1.104976438551561776e-09 1.652278590273401991e-10 1.347615053070907424e-09 -1.496211408106066405e-09 3.013787969465765862e-09 2.935328541323669663e-10 1.838086134912741603e-09 3.079525056357043985e-09 5.106424595440588787e-10 7.635671437211705846e-11 6.227731923415320628e-10 -6.914439652703251317e-10 1.392761686372908902e-09 1.356502941930084756e-10 8.494344641291300532e-10 1.423140581736088539e-09 1.141774151603823664e-11 9.312380420075166432e-11 -1.033919918616093529e-10 2.082606079518601583e-10 2.028425114312507250e-11 1.270167008054397205e-10 2.128031385494027581e-10 7.595265360405868352e-10 -8.432761212510958818e-10 1.698594682581504326e-09 1.654372687812304702e-10 1.035959514153357915e-09 1.735644190855711175e-09 9.362607952081061891e-10 -1.885892007675760668e-09 -1.836795044240377304e-10 -1.150190850332774344e-09 -1.927026908024671811e-09 3.798714021784495063e-09 3.699819661103185021e-10 2.316806253577259222e-09 3.881571589045946133e-09 3.603521929670616237e-11 2.256490689931543208e-10 3.780519941356229855e-10 1.413001795522468176e-09 2.367340166709321200e-09 3.966236353537126684e-09
3.862980568061156978e-10 -8.926025354762411046e-02 3.343717341285709632e-02 -3.343716797058111229e-02 -8.926024543271714184e-02 7.400791404374973403e-02 3.420125395268313467e-02 5.114135506183748250e-03 4.171142003524622860e-02 -4.631077173595889163e-02 9.328286966623244858e-02 9.085446354754949869e-03 5.689249073396317191e-02 9.531754976924151912e-02 3.387605986921209640e-10 -1.269008186475682329e-10 1.269008186492111170e-10 3.387605986958682473e-10 -2.808748538087998954e-10 -1.298006656141427496e-10 -1.940917813074843071e-11 -1.583032444322408224e-10 1.757587259336897354e-10 -3.540272708628897462e-10 -3.448106330866458442e-11 -2.159184647795571439e-10 -3.617493068535922485e-10 4.753745811330291995e-11 -4.753745812208087659e-11 -1.269008186526911951e-10 1.052166306813444112e-10 4.862375082643869201e-11 7.270741057987512041e-12 5.930090863671776464e-11 -6.583978861102162883e-11 1.326197635418391823e-10 1.291671811642730414e-11 8.088375698717991558e-11 1.355124632660347647e-10 4.753745811368290604e-11 1.269008186477298433e-10 -1.052166308334234668e-10 -4.862374997525685238e-11 -7.270741055929014118e-12 -5.930090862880253798e-11 6.583978859778573091e-11 -1.326197635275966314e-10 -1.291671811611565254e-11 -8.088375697878457520e-11 -1.355124632530961865e-10 3.387605986953770571e-10 -2.808748536000434970e-10 -1.298006656413663492e-10 -1.940917812551948278e-11 -1.583032444306158261e-10 1.757587259315644758e-10 -3.540272708513446830e-10 -3.448106331298284850e-11 -2.159184647675754586e-10 -3.617493068458878365e-10 2.328803078285254313e-10 1.076209404125935008e-10 1.609263659177132322e-11 1.312531654251316186e-10 -1.457259499224720563e-10 2.935327935055037950e-10 2.858911082338660806e-11 1.790233961590979690e-10 2.999353641738465714e-10 4.973483388354439955e-11 7.436886686980978432e-12 6.065601053100664033e-11 -6.734431244536609224e-11 1.356502954125925330e-10 1.321188157469811961e-11 8.273205467933764399e-11 1.386090974621699151e-10 1.112049377700715554e-12 9.069944860128923128e-12 -1.007003182546776286e-11 2.028388158348901121e-11 1.975617582639274915e-12 1.237099881333102351e-11 2.072630866422978693e-11 7.397532532618783915e-11 -8.213225278076042512e-11 1.654373987059213986e-10 1.611303269977501253e-11 1.008989660942930252e-10 1.690458960253275043e-10 9.118864644090664476e-11 -1.836795270597977630e-10 -1.788976526036070304e-11 -1.120247132426950160e-10 -1.876859278244904221e-10 3.699819459890262315e-10 3.603499683801439005e-11 2.256491227446714027e-10 3.780519940166439112e-10 3.509708609346468026e-12 2.197745922711252951e-11 3.682099040069234213e-11 1.376216138421177425e-10 2.305709556062414727e-10 3.862980568032667844e-10
2.418976544648653039e-09 -5.589426097297961471e-01 2.093816507900186918e-01 -2.093816904387078848e-01 -5.589426447444196810e-01 4.634332612505955296e-01 2.141664761855772148e-01 3.202442704427520964e-02 2.611945904148834652e-01 -2.899954711597777512e-01 5.841321210276200215e-01 5.689249073396317191e-02 3.562576061048037257e-01 5.968731834945150139e-01 2.121299675337683669e-09 -7.946457363578329672e-10 7.946457363681473924e-10 2.121299675358880999e-09 -1.758822420577932853e-09 -8.128044137802095316e-10 -1.215391737590649341e-10 -9.912859474068892280e-10 1.100591183566795259e-09 -2.216898711482292674e-09 -2.159184647922287754e-10 -1.352069192828658644e-09 -2.265253663336461929e-09 2.976768693064865682e-10 -2.976768693589222710e-10 -7.946457363900125677e-10 6.588605798890864912e-10 3.044791727452746150e-10 4.552896855576368222e-11 3.713389299816359410e-10 -4.122850258971267428e-10 8.304574452589724000e-10 8.088375700260247838e-11 5.064895034996032908e-10 8.485713670360082747e-10 2.976768693083968384e-10 7.946457363583965873e-10 -6.588605808714701749e-10 -3.044791674133949968e-10 -4.552896854264016453e-11 -3.713389299310900874e-10 4.122850258129290105e-10 -8.304574451686956657e-10 -8.088375700086082375e-11 -5.064895034464088565e-10 -8.485713669533527690e-10 2.121299675358325548e-09 -1.758822419301529681e-09 -8.128044139532869418e-10 -1.215391737264026220e-10 -9.912859473969008153e-10 1.100591183553011328e-09 -2.216898711408533806e-09 -2.159184648197978005e-10 -1.352069192753164558e-09 -2.265253663287453132e-09 1.458283373599684443e-09 6.739164913429756628e-10 1.007711794203388013e-10 8.218998853626808857e-10 -9.125276407301366969e-10 1.838085721269865103e-09 1.790233929171141050e-10 1.121034363761632569e-09 1.878178256644562861e-09 3.114368439244074534e-10 4.656936315064032463e-11 3.798245012693697319e-10 -4.217062688221609456e-10 8.494344641340027674e-10 8.273205393583438956e-11 5.180634389315574673e-10 8.679623149187084561e-10 6.963591584253190408e-12 5.679548024544363108e-11 -6.305796749878728165e-11 1.270165166955916833e-10 1.237120629070007950e-11 7.746649283202411307e-11 1.297869705409061405e-10 4.632292967171038306e-10 -5.143075137646675344e-10 1.035959617532551636e-09 1.008988969032662276e-10 6.318236089342128830e-10 1.058555823018234925e-09 5.710181397534400471e-10 -1.150190791689538879e-09 -1.120246937618613320e-10 -7.014924078472102475e-10 -1.175278646020504882e-09 2.316805984425254425e-09 2.256491088262394293e-10 1.413002021507272469e-09 2.367340166662310045e-09 2.197759878943364786e-11 1.376216030238913931e-10 2.305709556742067160e-10 8.617787488410023062e-10 1.443822260194730539e-09 2.418976544630031549e-09
4.052747824265880742e-09 -9.364511879162670249e-01 3.507975412721043851e-01 -3.507976138968640356e-01 -9.364512526338231169e-01 7.764350383365667962e-01 3.588140480932513476e-01 5.365365253911612287e-02 4.376048324990426952e-01 -4.858577634309943494e-01 9.786536483278758247e-01 9.531754976924151912e-02 5.968731834945150139e-01 9.999999983253065050e-01 3.554020671618131937e-09 -1.331347666934083722e-09 1.331347666951387099e-09 3.554020671653633702e-09 -2.946727099957546324e-09 -1.361770673943026288e-09 -2.036264564469347016e-10 -1.660798231163609100e-09 1.843927976265062563e-09 -3.714187080256600724e-09 -3.617493068882127556e-10 -2.265253663420398014e-09 -3.795200857076014545e-09 4.987271526402913575e-10 -4.987271527281701986e-10 -1.331347666988024790e-09 1.103853523321789457e-09 5.101237164198722694e-10 7.627913080166650679e-11 6.221404022612275626e-10 -6.907413986209900024e-10 1.391346522918609769e-09 1.355124632919310755e-10 8.485713670363830909e-10 1.421694546438374813e-09 4.987271526434498433e-10 1.331347666934886914e-09 -1.103853524964067848e-09 -5.101237075024385443e-10 -7.627913077977501678e-11 -6.221404021766175324e-10 6.907413984798436250e-10 -1.391346522767306854e-09 -1.355124632890556923e-10 -8.485713669472858128e-10 -1.421694546300035887e-09 3.554020671652717186e-09 -2.946727097817702044e-09 -1.361770674250114402e-09 -2.036264563921749573e-10 -1.660798231146882474e-09 1.843927976241842569e-09 -3.714187080133044756e-09 -3.617493069344250100e-10 -2.265253663293925407e-09 -3.795200856993884609e-09 2.443204646004198827e-09 1.129078141985322578e-09 1.688318058170338482e-10 1.377009206517849808e-09 -1.528846742533530867e-09 3.079524654353999535e-09 2.999353869904032636e-10 1.878178434104685326e-09 3.146695597377154356e-09 5.217805695826261563e-10 7.802220555168954959e-11 6.363571091780463539e-10 -7.065257276779650986e-10 1.423140577361644165e-09 1.386090957897160269e-10 8.679623122457233171e-10 1.454182096606342732e-09 1.166678515839551228e-11 9.515501884207618764e-11 -1.056471760252337293e-10 2.128031844018887063e-10 2.072669076094237493e-11 1.297871865762806699e-10 2.174447964938248905e-10 7.760933142236985814e-10 -8.616696436687196545e-10 1.735644396814536531e-09 1.690457832884043036e-10 1.058555842991698439e-09 1.773502028405993670e-09 9.566824978037277537e-10 -1.927027047323332464e-09 -1.876859182772327191e-10 -1.175278790847949759e-09 -1.969059181704771565e-09 3.881571498787701806e-09 3.780520057923856639e-10 2.367340386570551466e-09 3.966236353536414481e-09 3.682121890096135620e-11 2.305709220805247021e-10 3.862980569247590919e-10 1.443822163425358422e-09 2.418976544677668054e-09 4.052747824234636476e-09
